$ 1 0.000005 204.8780465020098 83 5 50 5e-11
w 192 32 272 32 0
r 192 32 192 160 0 330
r 272 32 272 160 0 1020
r 432 32 432 144 0 320
c 192 160 272 160 0 0.000018 4.322793283503847 0.001
t 272 160 336 160 0 1 0.631440498522759 0.6772065486726087 100 default
t 304 240 224 240 0 1 -4.9488680304917985 0.05113180168465678 100 default
w 192 160 192 224 0
r 304 240 384 240 0 100
t 128 240 176 240 0 1 -4.780335525277262 0.21966430689919392 100 default
w 128 32 192 32 0
r 128 32 128 144 0 100
s 128 144 128 240 0 1 true
w 272 32 432 32 0
R 128 32 64 32 0 0 40 5 0 0 0.5
g 176 256 176 304 0 0
g 336 176 336 192 0 0
x 371 182 392 185 4 16 Q1
162 432 240 384 240 2 default-led 1 0 0 0.01
w 176 256 224 256 0
w 224 224 192 224 0
w 176 224 192 224 0
w 336 144 432 144 0
w 432 144 432 240 0
o 5 64 6 4099 0.3125 0.00009765625 0 1
